8 24 67 87
79 48 10 94
52 98 53 66
98 14 34 24
15 60 58 16
9 93 86 2
27 4 31 1
13 83 4 91
59 67 7 49
47 65 61 14
55 71 80 2
94 19 98 63
53 27 56 30
48 47 39 38
44 18 64 56
34 53 74 17
72 13 30 17
53 68 50 91
91 83 53 78
0 13 57 76
3 70 3 84
79 10 87 60
3 48 52 43
36 5 71 38
86 94 98 42
84 95 76 33
58 42 22 0
55 98 19 53
68 62 50 68
35 23 9 48
21 25 54 6
37 58 39 94
51 30 66 24
55 17 45 89
45 35 16 12
86 82 67 92
95 20 10 8
89 72 30 12
18 93 92 44
57 0 73 54
