256
31
723
1513
3920
6534
7506
7882
8076
14790
18335
20747
20960
21119
23869
23977
24033
28178
28615
31172
31630
32724
38771
41184
45046
45147
45957
46622
46680
48226
48987
52415
53196
55291
55355
56399
60585
61381
64576
66335
67205
67933
69010
69031
69992
73182
74404
76553
79713
80158
80738
82462
84823
86660
87703
88118
88567
92176
93448
94103
96891
97911
98028
98407
98866
100481
102080
103978
106608
106847
109027
109424
114646
116823
117835
117893
117953
118948
121557
123215
124334
127074
128236
128738
131956
133125
136521
140465
141074
142024
142661
145084
147114
147129
147858
149303
149560
150204
150766
154949
156476
156676
162909
163191
163836
167235
167328
167440
167968
169800
172417
174437
175103
175970
176804
178572
179193
179699
180290
180510
181109
186381
188283
188786
191042
191817
194822
201755
202045
202881
203069
204994
209592
216119
219773
221039
224284
225200
225632
226143
226925
227379
228675
230025
231825
232266
235261
237294
238499
240369
244615
248417
249518
249871
250243
255278
258321
258591
261169
263780
264318
265567
266224
266823
267823
268403
268908
269278
273639
274676
274779
275667
277164
277687
278493
278877
280509
282680
283415
283637
284355
284703
284787
285252
285917
286862
287733
290431
290564
290639
292217
292904
293428
294009
294824
297949
298950
303165
305687
306317
312230
315221
318331
319879
319946
324377
324467
324504
328824
332806
334942
339773
340093
340710
343231
344398
349469
350426
350563
351361
353005
353790
354147
354985
355327
357813
358918
360299
360591
361415
361623
361681
362556
362931
364684
367115
367679
369003
369138
370878
380887
381362
383792
385845
386281
386290
389908
392697
394298
394913
396435
397001
398204
398459
399274
400545
402336
